Using TensorFlow backend.
WARNING:tensorflow:From /home/2014313303/.local/lib/python3.5/site-packages/tensorflow/python/framework/op_def_library.py:263: colocate_with (from tensorflow.python.framework.ops) is deprecated and will be removed in a future version.
Instructions for updating:
Colocations handled automatically by placer.
WARNING:tensorflow:From /usr/local/lib/python3.5/dist-packages/keras/backend/tensorflow_backend.py:3445: calling dropout (from tensorflow.python.ops.nn_ops) with keep_prob is deprecated and will be removed in a future version.
Instructions for updating:
Please use `rate` instead of `keep_prob`. Rate should be set to `rate = 1 - keep_prob`.
2019-10-12 05:13:38.622135: I tensorflow/core/platform/cpu_feature_guard.cc:141] Your CPU supports instructions that this TensorFlow binary was not compiled to use: AVX2 FMA
2019-10-12 05:13:38.640843: I tensorflow/core/platform/profile_utils/cpu_utils.cc:94] CPU Frequency: 2100005000 Hz
2019-10-12 05:13:38.646362: I tensorflow/compiler/xla/service/service.cc:150] XLA service 0x74abb10 executing computations on platform Host. Devices:
2019-10-12 05:13:38.646419: I tensorflow/compiler/xla/service/service.cc:158]   StreamExecutor device (0): <undefined>, <undefined>
input_1
<keras.engine.input_layer.InputLayer object at 0x7f903f2389b0> False
[]
input_2
<keras.engine.input_layer.InputLayer object at 0x7f8fcc4a15f8> False
[]
masking_1
<keras.layers.core.Masking object at 0x7f8fcf148eb8> False
[]
masking_2
<keras.layers.core.Masking object at 0x7f8fcc4947f0> False
[]
input_3
<keras.engine.input_layer.InputLayer object at 0x7f8fcc195438> False
[]
forwards_1
<keras.layers.recurrent.LSTM object at 0x7f8fcf148f28> False
[array([[-0.01129463, -0.03668545,  0.07558358, ...,  0.01496127,
        -0.07713367, -0.02724382],
       [-0.06711234, -0.01687708,  0.03279296, ..., -0.00894873,
        -0.04352629, -0.04656775],
       [-0.04342825,  0.04633408,  0.03995848, ...,  0.06793944,
         0.09816439, -0.02356844],
       ...,
       [-0.05990259,  0.08695241, -0.01095299, ..., -0.09810003,
         0.08083435,  0.06225672],
       [ 0.04731268, -0.04502606,  0.10778656, ...,  0.04740795,
        -0.07358031, -0.07622127],
       [ 0.05772937, -0.0588042 , -0.04903838, ...,  0.08912117,
         0.08875016,  0.05110966]], dtype=float32), array([[ 0.07247911, -0.02855891, -0.02998281, ..., -0.10204232,
         0.00124155, -0.03722954],
       [ 0.02935703, -0.10577562,  0.11933985, ..., -0.05033881,
        -0.06314979, -0.0579862 ],
       [ 0.00773207,  0.06314348, -0.05389262, ..., -0.08639694,
        -0.08480582,  0.01176937],
       ...,
       [-0.08664246,  0.0573706 ,  0.0851319 , ..., -0.0728533 ,
        -0.09481578, -0.03161107],
       [ 0.03865335,  0.00502542,  0.03295748, ..., -0.07092214,
         0.09877929, -0.00045393],
       [ 0.05353733,  0.0440333 ,  0.03867788, ..., -0.03643453,
         0.02807018, -0.02319564]], dtype=float32), array([0., 0., 0., 0., 0., 0., 0., 0., 0., 0., 0., 0., 0., 0., 0., 0., 0.,
       0., 0., 0., 0., 0., 0., 0., 0., 0., 0., 0., 0., 0., 0., 0., 0., 0.,
       0., 0., 0., 0., 0., 0., 0., 0., 0., 0., 0., 0., 0., 0., 0., 0., 0.,
       0., 0., 0., 0., 0., 0., 0., 0., 0., 0., 0., 0., 0., 1., 1., 1., 1.,
       1., 1., 1., 1., 1., 1., 1., 1., 1., 1., 1., 1., 1., 1., 1., 1., 1.,
       1., 1., 1., 1., 1., 1., 1., 1., 1., 1., 1., 1., 1., 1., 1., 1., 1.,
       1., 1., 1., 1., 1., 1., 1., 1., 1., 1., 1., 1., 1., 1., 1., 1., 1.,
       1., 1., 1., 1., 1., 1., 1., 1., 1., 0., 0., 0., 0., 0., 0., 0., 0.,
       0., 0., 0., 0., 0., 0., 0., 0., 0., 0., 0., 0., 0., 0., 0., 0., 0.,
       0., 0., 0., 0., 0., 0., 0., 0., 0., 0., 0., 0., 0., 0., 0., 0., 0.,
       0., 0., 0., 0., 0., 0., 0., 0., 0., 0., 0., 0., 0., 0., 0., 0., 0.,
       0., 0., 0., 0., 0., 0., 0., 0., 0., 0., 0., 0., 0., 0., 0., 0., 0.,
       0., 0., 0., 0., 0., 0., 0., 0., 0., 0., 0., 0., 0., 0., 0., 0., 0.,
       0., 0., 0., 0., 0., 0., 0., 0., 0., 0., 0., 0., 0., 0., 0., 0., 0.,
       0., 0., 0., 0., 0., 0., 0., 0., 0., 0., 0., 0., 0., 0., 0., 0., 0.,
       0.], dtype=float32)]
backwords_1
<keras.layers.recurrent.LSTM object at 0x7f8fcf148198> False
[array([[ 0.00154407,  0.02650032,  0.05268883, ...,  0.01778951,
        -0.08059104, -0.10502382],
       [ 0.01847623,  0.09798724, -0.05916489, ..., -0.04495424,
        -0.11236325,  0.08806328],
       [-0.09642967, -0.04061463,  0.05892042, ...,  0.10605886,
        -0.00085948, -0.11412696],
       ...,
       [-0.06713599,  0.05507383, -0.08892847, ...,  0.01747156,
         0.06755013,  0.04239901],
       [-0.07027833, -0.05152671, -0.03309927, ...,  0.09127104,
         0.03925274,  0.00650434],
       [-0.09213385, -0.02088746, -0.10405823, ...,  0.11382812,
        -0.09002334, -0.02843813]], dtype=float32), array([[ 1.25420108e-01, -2.94983815e-02,  1.00876123e-01, ...,
         1.81282490e-01, -4.08846363e-02,  2.38266625e-02],
       [ 4.98994701e-02,  6.23676851e-02, -6.85917586e-02, ...,
         1.22057304e-01, -2.82228962e-02, -1.00146614e-01],
       [ 2.31347065e-02, -1.96672734e-02,  8.08945224e-02, ...,
         9.29137841e-02, -1.46433478e-02,  8.75129029e-02],
       ...,
       [ 3.50132026e-02,  1.17155653e-03, -4.00704890e-02, ...,
         8.36130083e-02, -1.37731971e-04, -2.92644016e-02],
       [ 3.35927196e-02, -3.63083072e-02,  1.31392917e-02, ...,
         5.93426488e-02,  9.00861919e-02, -3.51547375e-02],
       [ 3.83315161e-02,  4.98951823e-02, -1.41499802e-01, ...,
        -1.02958316e-02,  6.43697381e-02, -5.89364022e-02]], dtype=float32), array([0., 0., 0., 0., 0., 0., 0., 0., 0., 0., 0., 0., 0., 0., 0., 0., 0.,
       0., 0., 0., 0., 0., 0., 0., 0., 0., 0., 0., 0., 0., 0., 0., 0., 0.,
       0., 0., 0., 0., 0., 0., 0., 0., 0., 0., 0., 0., 0., 0., 0., 0., 0.,
       0., 0., 0., 0., 0., 0., 0., 0., 0., 0., 0., 0., 0., 1., 1., 1., 1.,
       1., 1., 1., 1., 1., 1., 1., 1., 1., 1., 1., 1., 1., 1., 1., 1., 1.,
       1., 1., 1., 1., 1., 1., 1., 1., 1., 1., 1., 1., 1., 1., 1., 1., 1.,
       1., 1., 1., 1., 1., 1., 1., 1., 1., 1., 1., 1., 1., 1., 1., 1., 1.,
       1., 1., 1., 1., 1., 1., 1., 1., 1., 0., 0., 0., 0., 0., 0., 0., 0.,
       0., 0., 0., 0., 0., 0., 0., 0., 0., 0., 0., 0., 0., 0., 0., 0., 0.,
       0., 0., 0., 0., 0., 0., 0., 0., 0., 0., 0., 0., 0., 0., 0., 0., 0.,
       0., 0., 0., 0., 0., 0., 0., 0., 0., 0., 0., 0., 0., 0., 0., 0., 0.,
       0., 0., 0., 0., 0., 0., 0., 0., 0., 0., 0., 0., 0., 0., 0., 0., 0.,
       0., 0., 0., 0., 0., 0., 0., 0., 0., 0., 0., 0., 0., 0., 0., 0., 0.,
       0., 0., 0., 0., 0., 0., 0., 0., 0., 0., 0., 0., 0., 0., 0., 0., 0.,
       0., 0., 0., 0., 0., 0., 0., 0., 0., 0., 0., 0., 0., 0., 0., 0., 0.,
       0.], dtype=float32)]
forwards_2
<keras.layers.recurrent.LSTM object at 0x7f8fcc3dd668> False
[array([[-0.06167972,  0.06907136,  0.05137347, ...,  0.09879523,
         0.0435703 , -0.09305371],
       [ 0.03647652, -0.08682553, -0.05326684, ..., -0.0972067 ,
         0.06919128, -0.04946048],
       [-0.02107362, -0.01887161,  0.00260978, ..., -0.04917447,
         0.09115379,  0.03297549],
       ...,
       [-0.05152838, -0.09039205,  0.0872309 , ...,  0.03201433,
        -0.04524326,  0.0208312 ],
       [ 0.10378427,  0.06643822,  0.04404744, ..., -0.05429282,
         0.04966482,  0.11260576],
       [ 0.01066528,  0.11241551, -0.06320976, ..., -0.09294637,
        -0.02697384, -0.09289898]], dtype=float32), array([[-0.0025999 ,  0.03252772, -0.07056699, ...,  0.09550759,
        -0.01145507,  0.08654482],
       [-0.00313358, -0.09841259, -0.06062409, ...,  0.04722093,
         0.04983166,  0.06813155],
       [-0.04376304,  0.10537611, -0.04179675, ..., -0.08162769,
        -0.02380913, -0.04991693],
       ...,
       [ 0.04552457, -0.07003487,  0.02562745, ..., -0.04272303,
        -0.04565497, -0.01920353],
       [-0.0214754 , -0.0107236 , -0.02819253, ..., -0.05036087,
         0.08701421,  0.02824561],
       [-0.01253414, -0.14462481, -0.08317605, ...,  0.06561433,
        -0.03738817,  0.05341295]], dtype=float32), array([0., 0., 0., 0., 0., 0., 0., 0., 0., 0., 0., 0., 0., 0., 0., 0., 0.,
       0., 0., 0., 0., 0., 0., 0., 0., 0., 0., 0., 0., 0., 0., 0., 0., 0.,
       0., 0., 0., 0., 0., 0., 0., 0., 0., 0., 0., 0., 0., 0., 0., 0., 0.,
       0., 0., 0., 0., 0., 0., 0., 0., 0., 0., 0., 0., 0., 1., 1., 1., 1.,
       1., 1., 1., 1., 1., 1., 1., 1., 1., 1., 1., 1., 1., 1., 1., 1., 1.,
       1., 1., 1., 1., 1., 1., 1., 1., 1., 1., 1., 1., 1., 1., 1., 1., 1.,
       1., 1., 1., 1., 1., 1., 1., 1., 1., 1., 1., 1., 1., 1., 1., 1., 1.,
       1., 1., 1., 1., 1., 1., 1., 1., 1., 0., 0., 0., 0., 0., 0., 0., 0.,
       0., 0., 0., 0., 0., 0., 0., 0., 0., 0., 0., 0., 0., 0., 0., 0., 0.,
       0., 0., 0., 0., 0., 0., 0., 0., 0., 0., 0., 0., 0., 0., 0., 0., 0.,
       0., 0., 0., 0., 0., 0., 0., 0., 0., 0., 0., 0., 0., 0., 0., 0., 0.,
       0., 0., 0., 0., 0., 0., 0., 0., 0., 0., 0., 0., 0., 0., 0., 0., 0.,
       0., 0., 0., 0., 0., 0., 0., 0., 0., 0., 0., 0., 0., 0., 0., 0., 0.,
       0., 0., 0., 0., 0., 0., 0., 0., 0., 0., 0., 0., 0., 0., 0., 0., 0.,
       0., 0., 0., 0., 0., 0., 0., 0., 0., 0., 0., 0., 0., 0., 0., 0., 0.,
       0.], dtype=float32)]
backwards_2
<keras.layers.recurrent.LSTM object at 0x7f8fcc392908> False
[array([[ 0.10804624,  0.02348157, -0.02394338, ...,  0.09531166,
         0.00817619,  0.03649656],
       [ 0.0904517 ,  0.04712106,  0.00052408, ..., -0.08125561,
        -0.01762386, -0.09684509],
       [-0.07367817, -0.04362589,  0.02927303, ...,  0.06953063,
         0.05643339, -0.06046373],
       ...,
       [-0.05127981, -0.0981852 , -0.04338712, ..., -0.08486544,
        -0.09788135,  0.0994033 ],
       [ 0.01835371, -0.06526566,  0.10593318, ..., -0.0131841 ,
         0.08102489,  0.06105695],
       [ 0.08644662, -0.0975503 ,  0.1013106 , ..., -0.10688215,
        -0.05233773,  0.07770763]], dtype=float32), array([[-0.049334  , -0.0176322 , -0.00393804, ..., -0.00413126,
         0.00419851,  0.0575658 ],
       [-0.02830471, -0.00748043,  0.06668983, ..., -0.04015195,
        -0.0559696 , -0.08188406],
       [ 0.04682944, -0.02141703, -0.03800721, ...,  0.06876956,
        -0.00192227,  0.08723091],
       ...,
       [ 0.00077848,  0.07664616, -0.02619086, ..., -0.0543929 ,
         0.0840234 ,  0.17064197],
       [-0.02907946, -0.02350419,  0.03326128, ..., -0.04449327,
         0.00498587,  0.02265315],
       [-0.11259544, -0.04363451, -0.01760878, ..., -0.02601879,
        -0.00614406,  0.01638596]], dtype=float32), array([0., 0., 0., 0., 0., 0., 0., 0., 0., 0., 0., 0., 0., 0., 0., 0., 0.,
       0., 0., 0., 0., 0., 0., 0., 0., 0., 0., 0., 0., 0., 0., 0., 0., 0.,
       0., 0., 0., 0., 0., 0., 0., 0., 0., 0., 0., 0., 0., 0., 0., 0., 0.,
       0., 0., 0., 0., 0., 0., 0., 0., 0., 0., 0., 0., 0., 1., 1., 1., 1.,
       1., 1., 1., 1., 1., 1., 1., 1., 1., 1., 1., 1., 1., 1., 1., 1., 1.,
       1., 1., 1., 1., 1., 1., 1., 1., 1., 1., 1., 1., 1., 1., 1., 1., 1.,
       1., 1., 1., 1., 1., 1., 1., 1., 1., 1., 1., 1., 1., 1., 1., 1., 1.,
       1., 1., 1., 1., 1., 1., 1., 1., 1., 0., 0., 0., 0., 0., 0., 0., 0.,
       0., 0., 0., 0., 0., 0., 0., 0., 0., 0., 0., 0., 0., 0., 0., 0., 0.,
       0., 0., 0., 0., 0., 0., 0., 0., 0., 0., 0., 0., 0., 0., 0., 0., 0.,
       0., 0., 0., 0., 0., 0., 0., 0., 0., 0., 0., 0., 0., 0., 0., 0., 0.,
       0., 0., 0., 0., 0., 0., 0., 0., 0., 0., 0., 0., 0., 0., 0., 0., 0.,
       0., 0., 0., 0., 0., 0., 0., 0., 0., 0., 0., 0., 0., 0., 0., 0., 0.,
       0., 0., 0., 0., 0., 0., 0., 0., 0., 0., 0., 0., 0., 0., 0., 0., 0.,
       0., 0., 0., 0., 0., 0., 0., 0., 0., 0., 0., 0., 0., 0., 0., 0., 0.,
       0.], dtype=float32)]
masking_3
<keras.layers.core.Masking object at 0x7f8fcc1877b8> False
[]
input_4
<keras.engine.input_layer.InputLayer object at 0x7f8fc26f0dd8> False
[]
after_dp_forward_1
<keras.layers.core.Dropout object at 0x7f8fcee88278> False
[]
after_dp_backward_1
<keras.layers.core.Dropout object at 0x7f8fcc628ef0> False
[]
after_dp_forward_2
<keras.layers.core.Dropout object at 0x7f8fcc3929b0> False
[]
after_dp_backward_2
<keras.layers.core.Dropout object at 0x7f8fcc3252e8> False
[]
forwards_3
<keras.layers.recurrent.LSTM object at 0x7f8fcc0cf160> False
[array([[-0.09769106, -0.07452257,  0.10632891, ..., -0.04892997,
         0.05250192,  0.08773588],
       [ 0.08842028, -0.02160339,  0.08082422, ...,  0.01207685,
        -0.09466746, -0.10396224],
       [-0.06042052,  0.03067879,  0.10430964, ..., -0.09869319,
        -0.10853241,  0.08154561],
       ...,
       [ 0.08698355, -0.05533337,  0.03512142, ...,  0.006418  ,
        -0.03729956,  0.08629804],
       [-0.03116136,  0.06074544, -0.02366391, ..., -0.01985377,
        -0.08526407, -0.08633967],
       [-0.10780847, -0.00492232, -0.10066529, ...,  0.00480157,
        -0.03419616, -0.04873544]], dtype=float32), array([[ 0.02318016, -0.00581848, -0.05182811, ...,  0.02937629,
         0.12379295, -0.1026061 ],
       [ 0.03496916,  0.04746541,  0.02368387, ...,  0.13389833,
         0.00146761, -0.11689386],
       [-0.02491553, -0.01863938, -0.01086186, ...,  0.01549408,
         0.00985781,  0.00177346],
       ...,
       [ 0.04264526,  0.01848088, -0.01171772, ..., -0.02095836,
         0.0406804 ,  0.08449917],
       [ 0.07665296,  0.10754741,  0.1287543 , ...,  0.07131802,
        -0.01785146, -0.04873883],
       [ 0.02386953,  0.04401014,  0.0094066 , ..., -0.01462561,
         0.07305518,  0.03422251]], dtype=float32), array([0., 0., 0., 0., 0., 0., 0., 0., 0., 0., 0., 0., 0., 0., 0., 0., 0.,
       0., 0., 0., 0., 0., 0., 0., 0., 0., 0., 0., 0., 0., 0., 0., 0., 0.,
       0., 0., 0., 0., 0., 0., 0., 0., 0., 0., 0., 0., 0., 0., 0., 0., 0.,
       0., 0., 0., 0., 0., 0., 0., 0., 0., 0., 0., 0., 0., 1., 1., 1., 1.,
       1., 1., 1., 1., 1., 1., 1., 1., 1., 1., 1., 1., 1., 1., 1., 1., 1.,
       1., 1., 1., 1., 1., 1., 1., 1., 1., 1., 1., 1., 1., 1., 1., 1., 1.,
       1., 1., 1., 1., 1., 1., 1., 1., 1., 1., 1., 1., 1., 1., 1., 1., 1.,
       1., 1., 1., 1., 1., 1., 1., 1., 1., 0., 0., 0., 0., 0., 0., 0., 0.,
       0., 0., 0., 0., 0., 0., 0., 0., 0., 0., 0., 0., 0., 0., 0., 0., 0.,
       0., 0., 0., 0., 0., 0., 0., 0., 0., 0., 0., 0., 0., 0., 0., 0., 0.,
       0., 0., 0., 0., 0., 0., 0., 0., 0., 0., 0., 0., 0., 0., 0., 0., 0.,
       0., 0., 0., 0., 0., 0., 0., 0., 0., 0., 0., 0., 0., 0., 0., 0., 0.,
       0., 0., 0., 0., 0., 0., 0., 0., 0., 0., 0., 0., 0., 0., 0., 0., 0.,
       0., 0., 0., 0., 0., 0., 0., 0., 0., 0., 0., 0., 0., 0., 0., 0., 0.,
       0., 0., 0., 0., 0., 0., 0., 0., 0., 0., 0., 0., 0., 0., 0., 0., 0.,
       0.], dtype=float32)]
backwards_3
<keras.layers.recurrent.LSTM object at 0x7f8fcc024be0> False
[array([[-0.0959939 ,  0.04170125, -0.07983187, ...,  0.08880907,
         0.07000614,  0.06170795],
       [-0.11120206,  0.06459603, -0.11127429, ...,  0.08678181,
        -0.04627813,  0.01455817],
       [ 0.11452547,  0.03695694,  0.0944841 , ...,  0.07618498,
        -0.04891329,  0.05801243],
       ...,
       [-0.01908156, -0.00475847,  0.00426108, ..., -0.07288336,
         0.11013917,  0.02332749],
       [-0.11311501,  0.02026113,  0.02062916, ...,  0.01689308,
         0.07401704,  0.00048382],
       [-0.05247122,  0.04725633,  0.09169594, ..., -0.08129007,
        -0.07992417, -0.07637401]], dtype=float32), array([[-0.06957307, -0.06677988, -0.04876982, ..., -0.03096145,
        -0.04115195,  0.08828307],
       [ 0.00858427,  0.10190541, -0.05667317, ..., -0.01726999,
        -0.03337462,  0.03433398],
       [ 0.0753169 ,  0.04365215,  0.04699   , ..., -0.02371064,
        -0.03564662, -0.01169711],
       ...,
       [-0.04100332,  0.10892463, -0.03845134, ..., -0.01377821,
        -0.04889627, -0.16857505],
       [ 0.00354034, -0.02131649, -0.07309043, ..., -0.03503747,
         0.007821  , -0.05085237],
       [-0.06965216,  0.10713488,  0.07139259, ..., -0.00985828,
         0.06269246, -0.01617551]], dtype=float32), array([0., 0., 0., 0., 0., 0., 0., 0., 0., 0., 0., 0., 0., 0., 0., 0., 0.,
       0., 0., 0., 0., 0., 0., 0., 0., 0., 0., 0., 0., 0., 0., 0., 0., 0.,
       0., 0., 0., 0., 0., 0., 0., 0., 0., 0., 0., 0., 0., 0., 0., 0., 0.,
       0., 0., 0., 0., 0., 0., 0., 0., 0., 0., 0., 0., 0., 1., 1., 1., 1.,
       1., 1., 1., 1., 1., 1., 1., 1., 1., 1., 1., 1., 1., 1., 1., 1., 1.,
       1., 1., 1., 1., 1., 1., 1., 1., 1., 1., 1., 1., 1., 1., 1., 1., 1.,
       1., 1., 1., 1., 1., 1., 1., 1., 1., 1., 1., 1., 1., 1., 1., 1., 1.,
       1., 1., 1., 1., 1., 1., 1., 1., 1., 0., 0., 0., 0., 0., 0., 0., 0.,
       0., 0., 0., 0., 0., 0., 0., 0., 0., 0., 0., 0., 0., 0., 0., 0., 0.,
       0., 0., 0., 0., 0., 0., 0., 0., 0., 0., 0., 0., 0., 0., 0., 0., 0.,
       0., 0., 0., 0., 0., 0., 0., 0., 0., 0., 0., 0., 0., 0., 0., 0., 0.,
       0., 0., 0., 0., 0., 0., 0., 0., 0., 0., 0., 0., 0., 0., 0., 0., 0.,
       0., 0., 0., 0., 0., 0., 0., 0., 0., 0., 0., 0., 0., 0., 0., 0., 0.,
       0., 0., 0., 0., 0., 0., 0., 0., 0., 0., 0., 0., 0., 0., 0., 0., 0.,
       0., 0., 0., 0., 0., 0., 0., 0., 0., 0., 0., 0., 0., 0., 0., 0., 0.,
       0.], dtype=float32)]
masking_4
<keras.layers.core.Masking object at 0x7f8fc26e2048> False
[]
concatenate_1
<keras.layers.merge.Concatenate object at 0x7f8fcc628080> False
[]
concatenate_2
<keras.layers.merge.Concatenate object at 0x7f8fcc325ef0> False
[]
after_dp_forward_3
<keras.layers.core.Dropout object at 0x7f8fcc0836d8> False
[]
after_dp_backward_3
<keras.layers.core.Dropout object at 0x7f8fcc009f28> False
[]
forwards_4
<keras.layers.recurrent.LSTM object at 0x7f8fc2627dd8> False
[array([[ 0.07863452, -0.09022646,  0.09831273, ...,  0.02112014,
         0.09486777, -0.00587976],
       [ 0.00896607,  0.10507316,  0.05306626, ..., -0.09940489,
        -0.0550897 ,  0.01834861],
       [ 0.06128984, -0.02032436,  0.06897565, ..., -0.01719005,
         0.00760386, -0.07630638],
       ...,
       [ 0.03257238,  0.02415169, -0.1066006 , ..., -0.10435718,
         0.08588059,  0.07098491],
       [-0.00194614, -0.10419978,  0.09011529, ...,  0.00271401,
        -0.04788832,  0.02785801],
       [-0.03684372, -0.09702627, -0.1014182 , ...,  0.06000597,
         0.06646631,  0.06172743]], dtype=float32), array([[ 0.03172998, -0.01771214,  0.07977782, ...,  0.0198919 ,
        -0.00200913,  0.0066618 ],
       [ 0.17649639, -0.04378636,  0.06799529, ...,  0.02873241,
         0.02077834,  0.01876475],
       [-0.02963819,  0.00211303, -0.02442195, ..., -0.02972481,
         0.01272414,  0.00024334],
       ...,
       [ 0.02606925, -0.02161821, -0.0499966 , ..., -0.02198314,
        -0.00622514,  0.13796775],
       [-0.04429516, -0.06347857,  0.02631127, ..., -0.04462685,
         0.02817392,  0.04330266],
       [ 0.0091463 , -0.0605243 ,  0.03466818, ...,  0.04816172,
         0.00572684,  0.03940588]], dtype=float32), array([0., 0., 0., 0., 0., 0., 0., 0., 0., 0., 0., 0., 0., 0., 0., 0., 0.,
       0., 0., 0., 0., 0., 0., 0., 0., 0., 0., 0., 0., 0., 0., 0., 0., 0.,
       0., 0., 0., 0., 0., 0., 0., 0., 0., 0., 0., 0., 0., 0., 0., 0., 0.,
       0., 0., 0., 0., 0., 0., 0., 0., 0., 0., 0., 0., 0., 1., 1., 1., 1.,
       1., 1., 1., 1., 1., 1., 1., 1., 1., 1., 1., 1., 1., 1., 1., 1., 1.,
       1., 1., 1., 1., 1., 1., 1., 1., 1., 1., 1., 1., 1., 1., 1., 1., 1.,
       1., 1., 1., 1., 1., 1., 1., 1., 1., 1., 1., 1., 1., 1., 1., 1., 1.,
       1., 1., 1., 1., 1., 1., 1., 1., 1., 0., 0., 0., 0., 0., 0., 0., 0.,
       0., 0., 0., 0., 0., 0., 0., 0., 0., 0., 0., 0., 0., 0., 0., 0., 0.,
       0., 0., 0., 0., 0., 0., 0., 0., 0., 0., 0., 0., 0., 0., 0., 0., 0.,
       0., 0., 0., 0., 0., 0., 0., 0., 0., 0., 0., 0., 0., 0., 0., 0., 0.,
       0., 0., 0., 0., 0., 0., 0., 0., 0., 0., 0., 0., 0., 0., 0., 0., 0.,
       0., 0., 0., 0., 0., 0., 0., 0., 0., 0., 0., 0., 0., 0., 0., 0., 0.,
       0., 0., 0., 0., 0., 0., 0., 0., 0., 0., 0., 0., 0., 0., 0., 0., 0.,
       0., 0., 0., 0., 0., 0., 0., 0., 0., 0., 0., 0., 0., 0., 0., 0., 0.,
       0.], dtype=float32)]
backwards_4
<keras.layers.recurrent.LSTM object at 0x7f8fc2498be0> False
[array([[-0.00898113,  0.10774573, -0.02041127, ...,  0.00350044,
        -0.10860076,  0.0618326 ],
       [ 0.01041647, -0.03859717, -0.10433365, ..., -0.07382406,
        -0.06601501,  0.1139737 ],
       [ 0.04828591,  0.04537556, -0.02772447, ..., -0.10801378,
         0.09558884,  0.08359308],
       ...,
       [-0.0859054 ,  0.0808812 ,  0.02471232, ...,  0.04748639,
         0.07032568, -0.04002602],
       [-0.04255947, -0.06650394, -0.07272408, ..., -0.1046486 ,
         0.04464334, -0.00941518],
       [-0.05712259, -0.06294148,  0.05749538, ...,  0.02294198,
        -0.0016761 , -0.11335116]], dtype=float32), array([[-0.05698209, -0.00732741, -0.03333169, ..., -0.02158491,
        -0.1283256 , -0.00507021],
       [ 0.06102998, -0.0221589 , -0.00626229, ..., -0.02867406,
        -0.08366682,  0.07058743],
       [ 0.04123737, -0.02350692, -0.01149051, ..., -0.00164955,
        -0.00945739,  0.01409926],
       ...,
       [-0.16036329,  0.06473054,  0.07261497, ...,  0.08284058,
        -0.01989538,  0.00905224],
       [ 0.1373422 , -0.03611783, -0.08508567, ..., -0.03768502,
         0.00686164,  0.07872183],
       [ 0.03461257, -0.00728604, -0.05940286, ..., -0.0612569 ,
         0.0074304 , -0.10624667]], dtype=float32), array([0., 0., 0., 0., 0., 0., 0., 0., 0., 0., 0., 0., 0., 0., 0., 0., 0.,
       0., 0., 0., 0., 0., 0., 0., 0., 0., 0., 0., 0., 0., 0., 0., 0., 0.,
       0., 0., 0., 0., 0., 0., 0., 0., 0., 0., 0., 0., 0., 0., 0., 0., 0.,
       0., 0., 0., 0., 0., 0., 0., 0., 0., 0., 0., 0., 0., 1., 1., 1., 1.,
       1., 1., 1., 1., 1., 1., 1., 1., 1., 1., 1., 1., 1., 1., 1., 1., 1.,
       1., 1., 1., 1., 1., 1., 1., 1., 1., 1., 1., 1., 1., 1., 1., 1., 1.,
       1., 1., 1., 1., 1., 1., 1., 1., 1., 1., 1., 1., 1., 1., 1., 1., 1.,
       1., 1., 1., 1., 1., 1., 1., 1., 1., 0., 0., 0., 0., 0., 0., 0., 0.,
       0., 0., 0., 0., 0., 0., 0., 0., 0., 0., 0., 0., 0., 0., 0., 0., 0.,
       0., 0., 0., 0., 0., 0., 0., 0., 0., 0., 0., 0., 0., 0., 0., 0., 0.,
       0., 0., 0., 0., 0., 0., 0., 0., 0., 0., 0., 0., 0., 0., 0., 0., 0.,
       0., 0., 0., 0., 0., 0., 0., 0., 0., 0., 0., 0., 0., 0., 0., 0., 0.,
       0., 0., 0., 0., 0., 0., 0., 0., 0., 0., 0., 0., 0., 0., 0., 0., 0.,
       0., 0., 0., 0., 0., 0., 0., 0., 0., 0., 0., 0., 0., 0., 0., 0., 0.,
       0., 0., 0., 0., 0., 0., 0., 0., 0., 0., 0., 0., 0., 0., 0., 0., 0.,
       0.], dtype=float32)]
after_dp_1
<keras.layers.core.Dropout object at 0x7f8fcc628e10> False
[]
after_dp_2
<keras.layers.core.Dropout object at 0x7f8fcc325ba8> False
[]
concatenate_3
<keras.layers.merge.Concatenate object at 0x7f8fcc012278> False
[]
after_dp_forward_4
<keras.layers.core.Dropout object at 0x7f8fc25ee5c0> False
[]
after_dp_backward_4
<keras.layers.core.Dropout object at 0x7f8fc2572518> False
[]
concatenate_5
<keras.layers.merge.Concatenate object at 0x7f8fc23e2e48> False
[]
after_dp_3
<keras.layers.core.Dropout object at 0x7f8fcc012e80> False
[]
concatenate_4
<keras.layers.merge.Concatenate object at 0x7f8fc24ffc50> False
[]
concatenate_6
<keras.layers.merge.Concatenate object at 0x7f8fc231de48> False
[]
after_dp_4
<keras.layers.core.Dropout object at 0x7f8fc24ffbe0> False
[]
concatenate_7
<keras.layers.merge.Concatenate object at 0x7f8fc232f390> False
[]
dense_1_task_layer
<keras.layers.core.Dense object at 0x7f8fc22c1898> True
[array([[-0.05595921,  0.06241345,  0.00759963, ...,  0.01089695,
        -0.0034256 , -0.07680701],
       [ 0.04122993, -0.05641267, -0.07093363, ...,  0.0049177 ,
        -0.05186835, -0.03848687],
       [-0.03493208,  0.06536581,  0.0689453 , ..., -0.04223424,
         0.05947106,  0.01497307],
       ...,
       [-0.04074518,  0.0271336 , -0.05569366, ...,  0.0395452 ,
        -0.02959945, -0.03686017],
       [-0.06367411, -0.02048842,  0.0024671 , ...,  0.01118389,
        -0.02057946,  0.03316367],
       [-0.0619022 , -0.02712269, -0.04660647, ..., -0.06847647,
        -0.07639804,  0.05439697]], dtype=float32), array([0., 0., 0., 0., 0., 0., 0., 0., 0., 0., 0., 0., 0., 0., 0., 0., 0.,
       0., 0., 0., 0., 0., 0., 0., 0., 0., 0., 0., 0., 0., 0., 0., 0., 0.,
       0., 0., 0., 0., 0., 0., 0., 0., 0., 0., 0., 0., 0., 0., 0., 0., 0.,
       0., 0., 0., 0., 0., 0., 0., 0., 0., 0., 0., 0., 0., 0., 0., 0., 0.,
       0., 0., 0., 0., 0., 0., 0., 0., 0., 0., 0., 0., 0., 0., 0., 0., 0.,
       0., 0., 0., 0., 0., 0., 0., 0., 0., 0., 0., 0., 0., 0., 0., 0., 0.,
       0., 0., 0., 0., 0., 0., 0., 0., 0., 0., 0., 0., 0., 0., 0., 0., 0.,
       0., 0., 0., 0., 0., 0., 0., 0., 0., 0., 0., 0., 0., 0., 0., 0., 0.,
       0., 0., 0., 0., 0., 0., 0., 0., 0., 0., 0., 0., 0., 0., 0., 0., 0.,
       0., 0., 0., 0., 0., 0., 0., 0., 0., 0., 0., 0., 0., 0., 0., 0., 0.,
       0., 0., 0., 0., 0., 0., 0., 0., 0., 0., 0., 0., 0., 0., 0., 0., 0.,
       0., 0., 0., 0., 0., 0., 0., 0., 0., 0., 0., 0., 0., 0., 0., 0., 0.,
       0., 0., 0., 0., 0., 0., 0., 0., 0., 0., 0., 0., 0., 0., 0., 0., 0.,
       0., 0., 0., 0., 0., 0., 0., 0., 0., 0., 0., 0., 0., 0., 0., 0., 0.,
       0., 0., 0., 0., 0., 0., 0., 0., 0., 0., 0., 0., 0., 0., 0., 0., 0.,
       0., 0., 0., 0., 0., 0., 0., 0., 0., 0., 0., 0., 0., 0., 0., 0., 0.,
       0., 0., 0., 0., 0., 0., 0., 0., 0., 0., 0., 0., 0., 0., 0., 0., 0.,
       0., 0., 0., 0., 0., 0., 0., 0., 0., 0., 0., 0., 0., 0., 0., 0., 0.,
       0., 0., 0., 0., 0., 0., 0., 0., 0., 0., 0., 0., 0., 0., 0., 0., 0.,
       0., 0., 0., 0., 0., 0., 0., 0., 0., 0., 0., 0., 0., 0., 0., 0., 0.,
       0., 0., 0., 0., 0., 0., 0., 0., 0., 0., 0., 0., 0., 0., 0., 0., 0.,
       0., 0., 0., 0., 0., 0., 0., 0., 0., 0., 0., 0., 0., 0., 0., 0., 0.,
       0., 0., 0., 0., 0., 0., 0., 0., 0., 0.], dtype=float32)]
dense_2_task_layer
<keras.layers.core.Dense object at 0x7f8fc22d1dd8> True
[array([[ 0.00677755,  0.07887508,  0.02914114, ...,  0.07538792,
         0.03390644, -0.07858599],
       [ 0.0026984 , -0.03625319,  0.04674444, ..., -0.05870621,
         0.0513178 , -0.03326074],
       [ 0.00714746, -0.05924475, -0.05840131, ...,  0.07596007,
        -0.05756003, -0.02282543],
       ...,
       [-0.05304305, -0.07433045, -0.0365908 , ..., -0.03892451,
         0.02206326, -0.04742748],
       [ 0.01279371, -0.01258283,  0.04500963, ..., -0.01418126,
         0.02067742,  0.07662736],
       [-0.06991623, -0.05302634, -0.06375007, ...,  0.04752761,
         0.06242718, -0.08086389]], dtype=float32), array([0., 0., 0., 0., 0., 0., 0., 0., 0., 0., 0., 0., 0., 0., 0., 0., 0.,
       0., 0., 0., 0., 0., 0., 0., 0., 0., 0., 0., 0., 0., 0., 0., 0., 0.,
       0., 0., 0., 0., 0., 0., 0., 0., 0., 0., 0., 0., 0., 0., 0., 0., 0.,
       0., 0., 0., 0., 0., 0., 0., 0., 0., 0., 0., 0., 0., 0., 0., 0., 0.,
       0., 0., 0., 0., 0., 0., 0., 0., 0., 0., 0., 0., 0., 0., 0., 0., 0.,
       0., 0., 0., 0., 0., 0., 0., 0., 0., 0., 0., 0., 0., 0., 0., 0., 0.,
       0., 0., 0., 0., 0., 0., 0., 0., 0., 0., 0., 0., 0., 0., 0., 0., 0.,
       0., 0., 0., 0., 0., 0., 0., 0., 0., 0., 0., 0., 0., 0., 0., 0., 0.,
       0., 0., 0., 0., 0., 0., 0., 0., 0., 0., 0., 0., 0., 0., 0., 0., 0.,
       0., 0., 0., 0., 0., 0., 0., 0., 0., 0., 0., 0., 0., 0., 0., 0., 0.,
       0., 0., 0., 0., 0., 0., 0., 0., 0., 0., 0., 0., 0., 0., 0., 0., 0.,
       0., 0., 0., 0., 0., 0., 0., 0., 0., 0., 0., 0., 0., 0., 0., 0., 0.,
       0., 0., 0., 0., 0., 0., 0., 0., 0., 0., 0., 0., 0., 0., 0., 0., 0.,
       0., 0., 0., 0., 0., 0., 0., 0., 0., 0., 0., 0., 0., 0., 0., 0., 0.,
       0., 0., 0., 0., 0., 0., 0., 0., 0., 0., 0., 0., 0., 0., 0., 0., 0.,
       0., 0., 0., 0., 0., 0., 0., 0., 0., 0., 0., 0., 0., 0., 0., 0., 0.,
       0., 0., 0., 0., 0., 0., 0., 0., 0., 0., 0., 0., 0., 0., 0., 0., 0.,
       0., 0., 0., 0., 0., 0., 0., 0., 0., 0., 0., 0., 0., 0., 0., 0., 0.,
       0., 0., 0., 0., 0., 0., 0., 0., 0., 0., 0., 0., 0., 0., 0., 0., 0.,
       0., 0., 0., 0., 0., 0., 0., 0., 0., 0., 0., 0., 0., 0., 0., 0., 0.,
       0., 0., 0., 0., 0., 0., 0., 0., 0., 0., 0., 0., 0., 0., 0., 0., 0.,
       0., 0., 0., 0., 0., 0., 0., 0., 0., 0., 0., 0., 0., 0., 0., 0., 0.,
       0., 0., 0., 0., 0., 0., 0., 0., 0., 0., 0., 0., 0., 0., 0., 0., 0.,
       0., 0., 0., 0., 0., 0., 0., 0., 0., 0., 0., 0., 0., 0., 0., 0., 0.,
       0., 0., 0., 0., 0., 0., 0., 0., 0., 0., 0., 0., 0., 0., 0., 0., 0.,
       0., 0., 0., 0., 0., 0., 0., 0., 0., 0., 0., 0., 0., 0., 0., 0., 0.,
       0., 0., 0., 0., 0., 0., 0., 0., 0., 0., 0., 0., 0., 0., 0., 0., 0.,
       0., 0., 0., 0., 0., 0., 0., 0., 0., 0., 0., 0., 0., 0., 0., 0., 0.,
       0., 0., 0., 0., 0., 0., 0., 0., 0., 0., 0., 0., 0., 0., 0., 0., 0.,
       0., 0., 0., 0., 0., 0., 0., 0., 0., 0., 0., 0., 0., 0., 0., 0., 0.,
       0., 0.], dtype=float32)]
dense_3_task_layer
<keras.layers.core.Dense object at 0x7f8fc22e0d30> True
[array([[-0.05835113,  0.07568272,  0.03064697, ..., -0.05122089,
         0.0705163 , -0.03391274],
       [ 0.08279824, -0.05780253, -0.05062064, ...,  0.00630087,
        -0.05557783, -0.04913951],
       [-0.00800082,  0.03754923, -0.02285198, ..., -0.0817612 ,
         0.01006764,  0.00658574],
       ...,
       [ 0.03747023, -0.08004407,  0.07016485, ...,  0.0328289 ,
        -0.05939713, -0.0140651 ],
       [ 0.00495746, -0.04183302, -0.0055724 , ..., -0.02168944,
        -0.06225806, -0.0400339 ],
       [-0.08615829, -0.02570646, -0.0356131 , ..., -0.01734429,
        -0.02902609,  0.04980671]], dtype=float32), array([0., 0., 0., 0., 0., 0., 0., 0., 0., 0., 0., 0., 0., 0., 0., 0., 0.,
       0., 0., 0., 0., 0., 0., 0., 0., 0., 0., 0., 0., 0., 0., 0., 0., 0.,
       0., 0., 0., 0., 0., 0., 0., 0., 0., 0., 0., 0., 0., 0., 0., 0., 0.,
       0., 0., 0., 0., 0., 0., 0., 0., 0., 0., 0., 0., 0., 0., 0., 0., 0.,
       0., 0., 0., 0., 0., 0., 0., 0., 0., 0., 0., 0., 0., 0., 0., 0., 0.,
       0., 0., 0., 0., 0., 0., 0., 0., 0., 0., 0., 0., 0., 0., 0., 0., 0.,
       0., 0., 0., 0., 0., 0., 0., 0., 0., 0., 0., 0., 0., 0., 0., 0., 0.,
       0., 0., 0., 0., 0., 0., 0., 0., 0., 0., 0., 0., 0., 0., 0., 0., 0.,
       0., 0., 0., 0., 0., 0., 0., 0., 0., 0., 0., 0., 0., 0., 0., 0., 0.,
       0., 0., 0., 0., 0., 0., 0., 0., 0., 0., 0., 0., 0., 0., 0., 0., 0.,
       0., 0., 0., 0., 0., 0., 0., 0., 0., 0., 0., 0., 0., 0., 0., 0., 0.,
       0., 0., 0., 0., 0., 0., 0., 0., 0., 0., 0., 0., 0., 0., 0., 0., 0.,
       0., 0., 0., 0., 0., 0., 0., 0., 0., 0., 0., 0., 0., 0., 0., 0., 0.,
       0., 0., 0., 0., 0., 0., 0., 0., 0., 0., 0., 0., 0., 0., 0., 0., 0.,
       0., 0., 0., 0., 0., 0., 0., 0., 0., 0., 0., 0., 0., 0., 0., 0., 0.,
       0.], dtype=float32)]
output_task_layer
<keras.layers.core.Dense object at 0x7f8fc22f62b0> True
[array([[-0.0021906 , -0.13462768],
       [-0.1415042 , -0.13328268],
       [-0.07394397, -0.06473273],
       [-0.08789877, -0.03545401],
       [-0.02388597,  0.11671039],
       [ 0.1234394 , -0.1508131 ],
       [ 0.05199385, -0.06283341],
       [ 0.02208735,  0.0338816 ],
       [-0.07166841, -0.03942108],
       [-0.1393123 , -0.13189752],
       [ 0.01868904, -0.1234858 ],
       [ 0.00805119, -0.09464327],
       [ 0.0685045 ,  0.03274003],
       [-0.08101068,  0.12799731],
       [-0.02112512,  0.13998568],
       [ 0.13437146,  0.02393171],
       [ 0.06068563,  0.0084167 ],
       [-0.1411706 , -0.04725066],
       [ 0.12606865,  0.10990137],
       [ 0.00524664,  0.00441298],
       [-0.11665753, -0.01537269],
       [-0.04921518,  0.14121923],
       [-0.14129198,  0.05587278],
       [-0.11154451, -0.10144572],
       [ 0.01835366, -0.05738261],
       [ 0.06637813, -0.15222123],
       [ 0.00282604, -0.0630044 ],
       [-0.11217413,  0.12914082],
       [ 0.09066801, -0.1232197 ],
       [ 0.12151816,  0.05080266],
       [-0.10183254, -0.13639198],
       [ 0.13133985,  0.13057822],
       [ 0.05107073, -0.04725114],
       [ 0.11222827, -0.04041559],
       [-0.13923936, -0.09198775],
       [ 0.06587864,  0.02596472],
       [-0.05824122,  0.09368841],
       [ 0.10718146,  0.0109255 ],
       [-0.01889005, -0.00291476],
       [-0.05432853,  0.12195668],
       [-0.036024  ,  0.04001601],
       [ 0.02281082, -0.15096298],
       [-0.1356102 ,  0.11026746],
       [ 0.04358816,  0.07628691],
       [-0.13761203,  0.14207801],
       [ 0.02640277, -0.04683076],
       [ 0.00635289,  0.08679558],
       [-0.01161766, -0.13137396],
       [-0.06864011, -0.04867122],
       [-0.03927062, -0.13366742],
       [-0.15205693, -0.03434416],
       [ 0.0147185 ,  0.0392687 ],
       [-0.07607273,  0.07462533],
       [ 0.04818463, -0.06216405],
       [ 0.03861222, -0.04038407],
       [-0.0454371 ,  0.02451526],
       [ 0.04870896,  0.03775834],
       [-0.04999544,  0.05022617],
       [-0.12036435,  0.0051969 ],
       [ 0.03678632, -0.14853008],
       [-0.00358029, -0.05949249],
       [-0.12174562,  0.10410622],
       [-0.04066338,  0.09493755],
       [ 0.12989485, -0.07776729],
       [-0.07154468, -0.0420302 ],
       [-0.10750127,  0.02961411],
       [ 0.12079614, -0.12530246],
       [-0.09882998, -0.03742085],
       [-0.09040089, -0.12735835],
       [ 0.14535192,  0.1458869 ],
       [-0.14619495, -0.08494664],
       [ 0.00181952, -0.02836122],
       [ 0.06292957, -0.06665366],
       [-0.02544662,  0.07995771],
       [ 0.12462813, -0.01847379],
       [ 0.07888527, -0.03992373],
       [-0.01599193, -0.09249837],
       [ 0.14042765,  0.05686304],
       [-0.12693252,  0.02597055],
       [-0.02791398,  0.01947765],
       [ 0.05423971,  0.09824854],
       [-0.02433573,  0.06665625],
       [-0.10082708, -0.11734223],
       [-0.05238976, -0.13504705],
       [-0.0647435 ,  0.04530618],
       [-0.08485858, -0.10622461],
       [-0.01022844, -0.11712408],
       [-0.02836555, -0.05652531],
       [-0.11421395,  0.09371285],
       [ 0.13496426,  0.13058713],
       [-0.04009382, -0.13376279],
       [ 0.09070149, -0.02314043],
       [-0.04935753,  0.07514809],
       [-0.02244011, -0.11217773],
       [ 0.07157217, -0.14958622],
       [ 0.02704632,  0.02334626],
       [ 0.09095994, -0.07296164],
       [ 0.09806472,  0.14464277],
       [ 0.08800536, -0.13130409],
       [-0.09452742, -0.04893166],
       [-0.07886892,  0.03381678],
       [-0.01114297,  0.11094314],
       [ 0.01961458, -0.10543712],
       [-0.10043986, -0.09041979],
       [ 0.05858949,  0.02267279],
       [-0.05843879, -0.09357476],
       [ 0.05719325,  0.13213003],
       [-0.02177666, -0.04057389],
       [-0.06917109, -0.11562914],
       [-0.07467202,  0.12689754],
       [ 0.09797025,  0.10213912],
       [ 0.02204342, -0.02255128],
       [ 0.00302805,  0.11841553],
       [-0.07736647,  0.08809328],
       [ 0.1183033 , -0.09103392],
       [ 0.04140684,  0.04538544],
       [ 0.11874586,  0.1038062 ],
       [-0.07892963, -0.08657241],
       [-0.07308548,  0.14880273],
       [ 0.14832479,  0.05155337],
       [-0.1008173 , -0.04218287],
       [ 0.08764116,  0.084635  ],
       [-0.01722953,  0.12550592],
       [ 0.05407576, -0.00047608],
       [ 0.06833553,  0.08374503],
       [ 0.06013641, -0.05252097],
       [-0.10833839,  0.10968706],
       [ 0.04682396,  0.12310573],
       [-0.09651573,  0.08208762],
       [ 0.15064722,  0.11176616],
       [-0.03478217,  0.08111595],
       [-0.13418658, -0.08320642],
       [ 0.03616773,  0.11986533],
       [ 0.14154285,  0.1116004 ],
       [ 0.12652498, -0.02180423],
       [ 0.05493899, -0.10665385],
       [-0.03379929, -0.14432101],
       [-0.08761535,  0.10471663],
       [-0.10029036, -0.10289915],
       [-0.14627902, -0.00472529],
       [ 0.03227645,  0.11994481],
       [ 0.01185985,  0.07483083],
       [ 0.02451192,  0.05174391],
       [ 0.09132443, -0.14276904],
       [ 0.10498682, -0.13059539],
       [-0.03110836, -0.07236253],
       [-0.06028914,  0.0558112 ],
       [ 0.0546651 ,  0.03859363],
       [ 0.07029514, -0.10658598],
       [-0.07837902,  0.1359635 ],
       [-0.00915612,  0.06856579],
       [ 0.15106526,  0.07998364],
       [-0.01464483,  0.10973665],
       [-0.14504951,  0.00533542],
       [ 0.07008423, -0.10597712],
       [ 0.14958408, -0.15073977],
       [ 0.08143277,  0.07526579],
       [-0.14742427,  0.08157097],
       [ 0.07110278, -0.0532905 ],
       [-0.094713  , -0.13781294],
       [-0.10795008,  0.0621435 ],
       [ 0.0339215 , -0.06912975],
       [ 0.12164542, -0.05864669],
       [ 0.00207272, -0.00975092],
       [-0.0951292 ,  0.08872749],
       [ 0.05526702, -0.11944684],
       [-0.0229833 ,  0.07104424],
       [-0.06072886, -0.13161513],
       [-0.1275004 , -0.1070217 ],
       [ 0.0864076 ,  0.05698383],
       [ 0.04391386, -0.11684532],
       [-0.08524445, -0.1026377 ],
       [ 0.08683157,  0.06280115],
       [ 0.12565997, -0.1341683 ],
       [-0.03960545, -0.11744739],
       [-0.04676241,  0.03788151],
       [-0.08589825, -0.12349057],
       [-0.06468739,  0.13496158],
       [ 0.06285286,  0.03122401],
       [ 0.11298594, -0.06068069],
       [ 0.05866188,  0.04774332],
       [-0.06871516,  0.10727695],
       [ 0.08386043,  0.02949582],
       [ 0.03529635, -0.01409277],
       [ 0.01549159, -0.09443704],
       [-0.03900067, -0.08891691],
       [-0.04925307, -0.14767683],
       [-0.12758471, -0.10749832],
       [ 0.03064908,  0.02881232],
       [-0.01177996,  0.08402371],
       [ 0.03885262, -0.03499167],
       [ 0.02789488,  0.14730003],
       [-0.1048236 , -0.01728038],
       [-0.01788929,  0.0158551 ],
       [ 0.06426021,  0.11106631],
       [-0.04753586, -0.00253284],
       [ 0.0622897 , -0.03026492],
       [-0.09974782,  0.13654837],
       [ 0.0364763 , -0.07858437],
       [-0.07707168,  0.02478951],
       [-0.13001695,  0.12654084],
       [ 0.05042697, -0.07742683],
       [ 0.06382075, -0.00658546],
       [-0.12606515,  0.14279255],
       [-0.07111147, -0.03325253],
       [ 0.03579137,  0.05335802],
       [ 0.01717728, -0.08997091],
       [ 0.03093854,  0.04521738],
       [ 0.13924173,  0.03622466],
       [ 0.12950423,  0.12581867],
       [-0.10711157,  0.01311272],
       [-0.02219398, -0.13254744],
       [ 0.12750474, -0.12191643],
       [ 0.13914561,  0.09106894],
       [-0.08431738, -0.06348062],
       [-0.06758015,  0.10958111],
       [-0.03436878, -0.09967943],
       [ 0.07843429, -0.10890296],
       [-0.03049441, -0.14576149],
       [-0.12774047, -0.03942111],
       [-0.15045737, -0.02124637],
       [-0.03203921, -0.10195285],
       [ 0.13198167, -0.04030619],
       [ 0.10647327, -0.09896796],
       [ 0.1028772 ,  0.11928058],
       [-0.07383265,  0.07526077],
       [ 0.03275278, -0.0911562 ],
       [ 0.08950348,  0.05830576],
       [-0.09366228, -0.02023986],
       [-0.04415587, -0.04699353],
       [ 0.11367333, -0.09502266],
       [-0.12059236, -0.08069677],
       [ 0.02209775, -0.13096552],
       [ 0.07308163,  0.13865134],
       [-0.06263038, -0.05075999],
       [-0.08219182, -0.0867718 ],
       [ 0.09663761, -0.02905567],
       [ 0.1461795 ,  0.11696491],
       [ 0.14838824,  0.02759832],
       [ 0.09099226,  0.09654133],
       [-0.13068116,  0.05416691],
       [-0.04760893,  0.06459464],
       [-0.05911008, -0.02573717],
       [ 0.06497714,  0.09199637],
       [-0.07016037,  0.0050583 ],
       [ 0.12376028, -0.06775533],
       [-0.08165365,  0.13025185],
       [-0.12229637,  0.05006583],
       [ 0.11622453,  0.13750449],
       [ 0.09306513, -0.04016526],
       [ 0.06107467,  0.05478355],
       [ 0.14074165,  0.12050837],
       [-0.08658608,  0.14186215],
       [-0.08712105, -0.08497867],
       [ 0.12703905,  0.06348331],
       [ 0.11024827, -0.06351279]], dtype=float32), array([0., 0.], dtype=float32)]/home/2014313303/taeha/JavaAutoLogging/model.py:139: UserWarning: Update your `Model` call to the Keras 2 API: `Model(inputs=[<tf.Tenso..., outputs=Tensor("ou...)`
  model = Model(input=[input1, input2, input3, input4], output=output)

